6.89943 6.02684 5.43833 5.86754 4.73427 5.94214 4.89904 5.76005
4.67954 4.20219 4.43395 5.51331 5.58035 6.46969 6.85764 4.7769
3.22198 4.50656 3.1722 3.57538 3.91392 2.20724 2.97757 0.00765416
6.47846 7.4184 5.43634 5.85077 6.89038 7.05268 6.88719 7.82156
3.03816 5.28775 5.935 5.01282 4.57156 4.63377 4.25383 3.93788
7.58182 7.171 5.51615 4.3294 6.24849 6.25248 5.95613 6.53275
3.27523 4.15125 4.69336 3.54897 2.71787 0.853209 2.71967 2.35368
4.58228 2.23401 0.485393 0.82751 0.0186373 0.0625191 -1.22391 -2.17364
3.0284 4.33335 7.73202 8.0032 7.64733 6.75641 7.81159 8.01671
3.71429 4.24363 4.8445 2.67055 3.34246 1.43143 0.899227 1.3841
6.07586 4.33789 5.4822 5.55395 6.3268 6.76635 5.99168 6.53237
3.13207 4.00123 4.72105 3.77488 3.9865 1.81945 0.701785 0.759543
8.37539 5.1169 5.98469 5.3165 2.90549 4.94726 6.36077 5.4837
-0.068302 4.59254 3.30832 2.44031 5.1109 0.887817 0.964346 1.93362
5.5722 4.71098 6.41401 6.93749 6.01996 5.56455 5.39658 6.097
5.9881 3.0933 5.09009 3.0082 4.42519 5.03878 2.27235 3.05439
6.27302 6.19139 4.63805 5.17305 5.17937 6.57747 4.66432 4.57728
8.17214 5.27367 4.98686 3.64467 5.26018 4.01678 5.42069 6.20719
4.87293 6.38222 5.55327 5.07329 6.31465 6.57929 7.17418 6.33839
8.00371 6.18767 6.5053 7.00106 6.11913 8.59586 6.88349 7.73334
7.9472 3.46321 7.38431 4.79919 2.68965 4.33623 6.2597 6.13448
5.21816 4.90494 4.4301 3.78421 3.49264 2.27206 2.77642 2.30918
8.17007 5.41052 4.29112 7.02513 4.83481 6.19132 5.63169 4.45665
8.49374 6.02496 6.68792 6.16825 7.2656 7.24837 7.37859 8.57261
5.43819 5.96606 4.83268 4.34913 5.03341 3.15935 3.29404 3.30573
4.41867 4.61535 3.44786 4.83114 1.13306 4.56796 3.58038 3.32002
4.07814 6.66898 5.11274 5.13773 4.56612 4.68225 5.38597 5.47972
4.08951 6.34007 3.53417 1.93244 4.80859 5.52847 5.2826 6.42709
6.88094 9.40018 6.70862 7.43807 5.83714 8.66613 8.10732 8.67563
5.16811 4.36471 5.2305 4.71922 3.99036 5.81439 5.17691 5.04184
4.96776 4.68856 4.32146 3.39164 3.42784 2.63963 2.97147 2.89144
6.62099 3.6458 2.97706 7.44256 6.09616 6.60538 6.99417 6.43311
-0.428973 1.95083 1.6809 1.14644 0.381692 -0.568391 -1.35403 -1.00634
5.64804 4.68674 5.76997 4.91381 3.87452 6.21176 4.22713 5.54334
5.71026 5.95836 7.17754 5.00606 8.22846 5.69431 7.41834 6.62354
3.14087 5.67142 3.01795 6.71884 4.44083 3.55079 4.56991 3.16799
6.28615 4.11303 7.90485 5.34065 6.41348 5.82094 7.46929 7.53766
0.149673 2.94882 3.90349 3.03266 1.92835 1.47789 2.37158 1.54603
5.30645 5.50099 6.19064 4.16416 7.18753 5.8749 7.66274 5.717
6.62626 6.75645 6.43728 6.5387 8.12119 7.75033 7.14804 7.7617
3.67398 2.85568 4.13198 4.97901 3.20628 3.15392 2.36175 3.036
6.09114 5.10204 3.63571 4.46181 2.85793 3.54174 3.89766 1.45671
5.60307 4.72149 3.8205 3.9724 3.25153 6.4166 4.58876 5.40345
5.73577 4.35514 4.93336 3.09776 7.24878 4.40392 4.59479 4.44206
4.68822 5.2513 5.24426 7.81644 5.1469 6.51775 8.4996 7.79086
10.0091 6.3447 7.31166 6.5938 6.89275 7.42561 6.05121 7.31669
3.76898 6.08459 5.43202 6.8129 4.53836 4.15882 5.81732 4.73996
4.95494 3.75268 4.49603 1.65183 4.37593 4.85466 4.54973 2.12516
3.42577 4.08217 4.4165 3.24034 6.37859 8.01812 5.64033 5.9718
5.89479 5.41249 3.53859 5.74079 4.73876 4.12031 6.6446 5.91249
4.77886 4.15027 4.41717 5.69989 5.72124 4.81038 5.3731 5.59659
5.99528 5.49099 6.77779 4.52493 6.00314 5.45693 4.69028 4.51128
3.27478 4.36285 2.31348 3.22083 2.38713 2.13422 3.29459 4.12635
7.13011 7.8952 7.47269 6.47142 10.4126 9.21268 8.31682 9.24645
6.74491 6.24989 7.4477 6.82763 5.80043 6.3135 7.84936 7.67355
2.78089 3.71851 2.7858 4.80075 4.32446 3.99079 3.4457 5.01587
3.60528 4.4594 5.75149 6.23805 7.36629 5.84369 5.53464 6.6727
5.77931 3.08339 7.75183 6.90075 5.65716 6.74309 5.27674 4.6899
10.2609 6.69244 9.58673 6.13224 8.35727 9.17151 10.3973 9.3367
2.99165 2.60686 1.94356 3.73752 3.81341 2.10517 2.7849 1.92914
2.72181 5.39899 3.79813 2.80892 3.12415 2.36787 3.31294 0.288618
6.9297 3.32421 2.903 2.89297 4.14462 1.61893 2.92537 2.96363
3.74313 3.12021 2.10871 1.59184 2.42234 -0.247831 2.86295 3.75746
8.38405 4.66871 8.0186 6.18441 5.85236 5.82054 6.32645 5.00727
2.86974 3.71348 4.57808 4.23734 3.15404 4.56749 3.96456 4.09971
3.46466 5.38209 3.81679 6.88584 4.81201 5.81674 5.408 3.77756
3.24476 4.94014 6.08359 5.89675 5.88859 6.07796 4.82027 6.62089
7.26681 4.16546 3.56789 6.25242 2.56712 2.92471 3.51637 3.30866
3.14156 2.88518 1.30901 1.60628 -0.457653 1.51398 0.0569532 -0.0905699
10.0393 8.30715 7.90211 10.2874 9.74318 10.9969 12.5854 12.4658
3.84319 3.98995 3.39264 2.8671 2.37446 2.38186 3.15866 0.93986
5.71838 3.91422 4.80198 6.48033 4.55486 5.35736 5.42857 3.54884
5.3967 4.43205 3.21977 1.67968 4.10632 2.70192 1.51241 3.20743
7.34358 5.5096 7.5106 3.85487 5.99451 6.27278 7.15561 6.54844
1.12791 0.664761 1.9365 2.12757 3.0907 1.64916 0.381587 0.495517
5.84857 5.75168 7.67916 6.92824 7.77491 7.29232 8.27632 8.1252
5.99437 5.29261 7.20911 6.83318 9.7485 8.6 10.3086 9.94917
2.9106 6.29501 4.32051 4.30576 5.3584 3.93397 4.77011 4.26054
7.44354 5.23258 7.01734 6.34645 8.52214 6.56844 8.53091 6.35099
7.70448 5.99591 6.38913 8.66633 7.83096 7.60645 9.7779 11.2759
7.06125 3.20605 4.41317 4.41261 3.73641 5.37363 5.88685 5.50401
5.32451 3.2886 6.24925 5.77632 6.37937 6.71555 7.20277 7.65585
3.19575 4.0403 1.73997 3.21707 3.22542 1.48721 1.0503 1.64054
4.73091 3.55042 3.34544 3.68349 4.45771 2.8358 3.58589 3.04498
5.79431 4.1432 1.20376 4.44827 5.24305 4.40394 5.17968 2.48319
6.31889 3.78579 6.35723 7.3566 5.76822 5.07453 5.18554 6.45875
3.61136 3.44766 4.03899 2.68452 2.76044 3.57442 3.94761 4.43295
4.27655 3.55431 4.70641 6.36427 4.50777 5.83075 4.15053 4.31542
5.09326 5.80875 4.29784 6.83008 5.30598 6.62598 5.58549 6.90977
1.19977 4.25421 4.60449 1.96926 5.65256 4.88374 4.78778 2.93594
0.0404237 5.23011 2.70747 4.24719 3.98552 2.64976 0.995495 1.93367
4.04019 4.99512 3.50929 4.60131 3.44851 5.43403 4.69274 3.96289
8.54962 7.22114 7.87984 8.95159 9.53577 9.9548 9.95361 10.6867
5.7522 4.53356 2.2035 4.89939 4.59377 2.50931 3.69529 2.45148
0.254618 1.25648 1.06043 0.374374 -1.19531 0.342969 -1.77873 -1.35174
2.42709 3.37046 2.79036 1.68747 -1.06188 0.11378 -0.897735 -0.762197
1.81967 2.80601 2.68319 2.69338 0.726688 1.67717 1.70166 1.05154
4.1704 3.72384 5.23544 4.2253 3.86123 4.75005 4.25475 3.65322
9.73681 6.31572 6.01466 7.14632 6.12061 6.50755 5.30628 6.62206
6.71189 7.22355 8.23993 7.89871 7.23452 9.72887 10.9348 10.9759
0.212162 3.53172 3.43295 4.16513 0.792134 0.465516 1.44758 0.977568
5.06528 5.78769 3.57653 3.2908 2.80478 4.26056 2.7092 0.311556
3.44862 4.17273 2.93955 3.27845 3.89227 2.04281 2.63389 2.21385
9.59715 7.16817 6.89088 7.05213 8.03399 9.51359 8.49808 8.43572
7.62817 4.36212 5.7146 4.92993 5.07397 5.8068 4.25625 5.26862
4.71667 5.04411 5.81044 4.52695 5.28338 5.91699 1.87761 3.76101
3.62022 8.02425 7.94576 5.77559 7.55112 8.32346 8.75602 9.64638
6.10981 3.0155 5.4254 5.64693 5.52307 4.43825 4.29737 3.90051
2.79609 4.04296 2.73269 4.83455 5.20823 3.34709 4.89641 5.22259
2.76041 1.97865 3.43604 2.22381 -0.68288 2.07141 -0.503311 0.977534
2.80483 3.88554 3.41264 3.75743 6.39509 5.41255 4.63731 3.17863
7.27734 4.48833 5.77359 6.17194 6.96201 5.26878 5.24214 4.76422
7.01807 7.93878 6.20081 6.35724 6.92579 7.71937 6.60861 9.40798
1.62279 3.56954 3.29784 1.79965 1.19014 -0.764709 -1.50111 -0.948945
5.94353 6.9969 6.4739 6.82615 7.61545 6.65353 7.24309 6.697
3.25076 3.39125 3.24427 4.67577 4.71988 4.00418 3.6864 3.15049
6.55855 4.37232 5.12313 6.98077 4.62319 4.96285 3.4114 3.69824
5.26291 4.4182 4.08085 2.09748 1.08933 4.79316 3.73612 4.55146
5.29724 5.21732 4.99032 1.52024 3.03 4.14382 4.22054 4.09018
3.14689 3.21045 1.95347 3.52255 3.94568 2.54451 4.39548 3.87644
7.88606 4.8099 5.76982 5.54642 4.58824 5.41881 6.54469 5.96789
2.10562 1.00894 1.90981 0.478207 -0.299837 0.756937 -0.259147 -0.591598
7.39643 5.81395 6.58996 5.35546 6.54846 6.7736 7.55802 7.46939
5.90345 5.05891 6.17255 6.40426 5.43057 8.45004 7.00549 6.70348
3.48205 2.5549 5.17262 2.45111 5.06017 3.31419 3.1214 3.35567
2.52219 5.39133 4.44827 3.85843 6.61312 4.12464 5.02917 3.52216
8.4447 6.72135 5.48443 9.72956 9.07763 9.44137 9.10455 9.70907
6.77787 5.85933 7.8035 6.25206 8.20534 6.35933 6.70997 9.02757
8.93738 5.7809 4.93717 8.18513 6.23844 7.30316 6.82659 7.97046
5.25388 4.83762 3.61742 3.85988 5.29107 1.62816 0.764535 2.22243
4.96585 6.9918 5.77439 4.24779 5.25258 5.66343 5.46458 5.55569
3.72651 5.18789 1.95008 3.40722 2.80341 1.87807 0.779984 1.50641
1.94067 2.95132 2.13248 3.10555 1.59184 0.975477 0.502682 0.619486
7.68098 7.02781 7.30919 5.06035 8.42551 6.37498 5.91408 6.67583
2.66788 4.89636 5.1463 5.78638 4.11573 6.03094 6.24644 5.55396
4.44338 6.8488 6.17923 6.57909 5.302 6.68854 5.66498 6.06882
1.0989 1.62603 0.54966 1.83719 -1.87797 -0.165964 -1.68078 -1.38277
6.37949 5.44681 5.59239 6.05822 2.60219 4.83485 3.19181 3.87933
-1.42126 4.67719 3.36068 2.01502 1.92721 2.90759 1.43689 1.57842
8.61642 2.04175 4.08893 2.9974 5.75238 3.92685 4.32208 5.33216
3.5737 2.55876 4.66631 4.27127 3.44685 2.74603 3.94558 3.4941
4.38764 3.01078 4.27342 4.36049 5.89387 5.60114 3.95308 3.60569
6.20835 5.28355 5.42301 5.05818 4.29791 6.01196 6.96445 6.17946
3.43538 3.35694 1.44984 4.25195 3.40129 3.27573 2.59328 3.55364
5.94263 5.76497 5.7185 5.83771 3.21385 5.70527 6.21041 4.91276
5.08552 4.97394 4.53018 4.14724 6.07393 4.69309 4.23807 5.01906
5.5378 6.33993 7.26508 5.18519 5.79786 6.44393 6.21426 6.35454
6.38371 3.81349 5.12262 4.16138 4.34509 3.92351 2.91508 4.4544
2.7481 1.92787 3.32453 2.79088 1.35724 1.43639 0.579039 0.797149
4.55292 7.53824 6.21301 5.16074 5.94428 6.85267 7.08926 6.64281
4.64051 3.81126 3.25664 3.73819 5.65116 1.91164 5.61127 4.13567
3.65534 3.46169 2.81741 2.3705 2.23713 2.47805 2.14976 2.45352
2.4369 3.35082 1.60679 3.47824 3.92205 2.80893 2.97216 2.84479
5.42443 3.58392 2.10595 4.72299 2.86356 2.91963 3.5322 2.8548
8.47795 6.8053 6.14204 5.63544 7.35485 7.68871 8.55612 8.87033
6.50763 5.09394 4.61636 2.65296 4.41266 4.61097 2.53644 0.955103
6.88393 3.47111 5.16099 4.23839 5.56501 4.48616 2.90621 5.23823
4.93365 6.22535 7.64406 6.13857 6.57485 8.38731 8.31311 8.58555
7.14719 4.27551 4.28112 4.47167 2.79546 3.80319 2.71423 2.54775
2.22828 7.09225 4.16147 3.91707 3.57571 3.31722 2.9994 4.09678
5.09446 3.74934 2.08067 1.46974 1.61787 1.39553 1.76026 0.930284
7.1401 5.53799 4.69623 5.87566 5.46301 6.67052 6.6847 7.97187
4.71307 4.92727 6.56097 7.15018 5.89451 4.66484 3.62406 5.15771
5.30216 5.40706 4.91019 8.09073 5.20903 6.20667 5.86314 7.25442
3.64736 3.30745 3.42313 5.3193 3.78111 3.92313 3.09748 1.04998
2.47265 5.08822 3.55282 2.69882 3.61078 3.93045 3.41937 2.69551
5.44512 5.45653 3.62311 5.60278 4.13903 4.65006 5.78789 4.98267
2.94682 2.80072 1.91561 1.67705 1.10879 -1.10999 -1.04991 -1.72735
5.02765 3.02948 4.22598 6.36896 4.27516 2.33199 1.79723 2.25567
8.05404 5.33622 3.3674 1.89377 3.31455 3.36793 3.46221 4.44314
8.99859 8.80753 8.86641 7.28365 7.95926 8.20265 9.3253 9.82865
7.80767 7.02719 7.38021 5.88646 7.23523 6.35071 7.66707 8.25548
4.63837 5.61511 6.63687 4.64594 7.22986 6.06828 6.35876 6.07071
3.45092 4.96684 5.15451 4.98653 5.36227 6.02856 6.39919 5.62101
3.4366 5.98899 3.38221 3.97467 4.12278 4.31576 4.67875 4.64899
1.74998 5.91836 5.152 5.90659 6.8591 6.45592 7.93896 8.14157
8.44749 6.40775 5.91302 7.60317 10.8424 6.57722 9.46382 8.68729
2.10724 4.71916 7.44611 6.09204 6.70429 7.05554 6.3347 6.21976
4.81882 5.53131 6.77726 7.28822 6.1114 7.51652 6.73948 7.92898
9.74075 6.38222 6.41999 7.02822 8.86699 8.89915 8.26202 8.69997
2.36153 1.78228 -0.187875 1.36028 2.54481 1.18091 -0.295653 -1.86638
6.6295 5.70253 5.22842 3.95756 6.29246 5.35419 4.76822 5.08299
5.87057 4.13424 2.77336 3.38966 3.1283 2.49732 1.40949 3.25454
4.17358 4.2852 6.64716 4.55553 6.52853 4.62775 3.52553 4.80284
2.1885 2.71674 2.43539 2.12285 1.15045 0.238605 0.611248 -0.280295
3.4215 6.74279 5.43245 5.46558 5.63394 3.86984 3.60633 3.72733
7.78539 6.11318 5.64044 6.54461 4.62159 7.04485 6.92583 6.59798
5.7868 3.19214 5.70434 3.85235 4.37609 5.40914 3.25118 3.75995
7.56137 6.13226 6.98805 5.11281 7.65082 8.15113 10.2606 9.61451
5.84552 5.63991 7.4124 9.31987 8.11571 8.50045 10.3273 9.31857
5.04706 6.68228 2.75898 5.47977 4.96913 5.43864 4.16402 6.2349
8.5753 4.70342 2.65406 3.24659 3.67454 4.83064 2.24607 3.78729
5.69682 5.64808 3.8267 6.03667 4.71881 6.12283 4.58078 6.49207
1.66003 1.79679 4.09601 4.87876 2.39618 4.35588 3.54876 3.34637
4.65996 6.57982 4.7649 5.6674 6.52341 7.67204 7.93725 9.25017
5.64919 4.39537 5.21481 4.29016 4.12448 4.68972 4.6442 3.62156
2.43812 3.64412 0.427327 2.39498 1.44246 2.08023 0.468492 -0.599139
2.83193 4.41818 3.27043 2.85432 1.27321 2.67832 1.40306 0.751143
5.5541 5.40353 4.46942 7.02748 5.37464 5.51837 7.55618 6.83274
0.183999 2.69467 2.89085 2.77044 -0.155959 1.4225 0.609088 -1.02646
39.9652 37.7137 37.1805 36.8046 38.8246 39.9688 38.2323 38.4975
39.6204 36.921 38.3095 40.4509 40.0977 41.0727 41.7741 42.301
36.1827 36.2628 34.3545 36.5106 35.1406 34.1655 35.476 35.4582
35.3571 34.8688 36.7948 35.3823 35.568 36.3892 33.5168 34.1921
36.6454 36.5033 37.3448 36.2875 37.3684 38.1021 37.244 36.9296
40.9995 36.3448 36.6448 38.3489 38.3252 37.3762 37.967 37.0933
35.9054 35.8601 37.676 38.4997 38.0336 38.7642 39.0426 38.966
34.6573 35.5443 36.326 35.2989 36.5456 35.6795 36.3025 36.0209
39.4294 38.7864 40.9389 38.7734 39.4397 40.0579 40.6756 42.1531
35.8499 37.2539 35.9277 33.6226 36.1541 35.2653 34.0361 34.6742
34.5938 37.3629 35.7452 35.8633 36.4567 36.3412 33.9209 34.2361
35.287 37.5824 34.5169 34.6657 34.3221 35.7816 34.6311 34.3841
36.0922 37.4486 38.2657 39.0348 38.5036 37.8545 39.2173 38.8131
37.221 37.5187 35.9395 34.6744 35.6692 35.6268 35.4353 35.3505
37.1987 35.6151 37.9667 37.7223 36.6148 37.0604 36.3925 36.4913
38.8451 38.2963 38.5607 37.5551 39.0063 38.7081 37.8343 38.1851
37.9097 38.3015 38.5678 37.6456 39.1137 38.8304 37.9693 38.3302
37.9097 38.3015 38.5678 37.6456 39.1137 38.8304 37.9693 38.3302
37.9097 38.3015 38.5678 37.6456 39.1137 38.8304 37.9693 38.3302
37.9097 38.3015 38.5678 37.6456 39.1137 38.8304 37.9693 38.3302
37.9097 38.3015 38.5678 37.6456 39.1137 38.8304 37.9693 38.3302
37.9097 38.3015 38.5678 37.6456 39.1137 38.8304 37.9693 38.3302
37.9097 38.3015 38.5678 37.6456 39.1137 38.8304 37.9693 38.3302
37.9097 38.3015 38.5678 37.6456 39.1137 38.8304 37.9693 38.3302
37.9097 38.3015 38.5678 37.6456 39.1137 38.8304 37.9693 38.3302
37.9097 38.3015 38.5678 37.6456 39.1137 38.8304 37.9693 38.3302
37.9097 38.3015 38.5678 37.6456 39.1137 38.8304 37.9693 38.3302
37.9097 38.3015 38.5678 37.6456 39.1137 38.8304 37.9693 38.3302
37.9097 38.3015 38.5678 37.6456 39.1137 38.8304 37.9693 38.3302
37.9097 38.3015 38.5678 37.6456 39.1137 38.8304 37.9693 38.3302
37.9097 38.3015 38.5678 37.6456 39.1137 38.8304 37.9693 38.3302
37.9097 38.3015 38.5678 37.6456 39.1137 38.8304 37.9693 38.3302
37.9097 38.3015 38.5678 37.6456 39.1137 38.8304 37.9693 38.3302
37.9097 38.3015 38.5678 37.6456 39.1137 38.8304 37.9693 38.3302
37.9097 38.3015 38.5678 37.6456 39.1137 38.8304 37.9693 38.3302
37.9097 38.3015 38.5678 37.6456 39.1137 38.8304 37.9693 38.3302
37.9097 38.3015 38.5678 37.6456 39.1137 38.8304 37.9693 38.3302
37.9097 38.3015 38.5678 37.6456 39.1137 38.8304 37.9693 38.3302
37.9097 38.3015 38.5678 37.6456 39.1137 38.8304 37.9693 38.3302
37.9097 38.3015 38.5678 37.6456 39.1137 38.8304 37.9693 38.3302
37.9097 38.3015 38.5678 37.6456 39.1137 38.8304 37.9693 38.3302
37.9097 38.3015 38.5678 37.6456 39.1137 38.8304 37.9693 38.3302
37.9097 38.3015 38.5678 37.6456 39.1137 38.8304 37.9693 38.3302
37.9097 38.3015 38.5678 37.6456 39.1137 38.8304 37.9693 38.3302
37.9097 38.3015 38.5678 37.6456 39.1137 38.8304 37.9693 38.3302
37.9097 38.3015 38.5678 37.6456 39.1137 38.8304 37.9693 38.3302
37.9097 38.3015 38.5678 37.6456 39.1137 38.8304 37.9693 38.3302
37.9097 38.3015 38.5678 37.6456 39.1137 38.8304 37.9693 38.3302
37.9097 38.3015 38.5678 37.6456 39.1137 38.8304 37.9693 38.3302
37.9097 38.3015 38.5678 37.6456 39.1137 38.8304 37.9693 38.3302
37.9097 38.3015 38.5678 37.6456 39.1137 38.8304 37.9693 38.3302
37.9097 38.3015 38.5678 37.6456 39.1137 38.8304 37.9693 38.3302
37.9097 38.3015 38.5678 37.6456 39.1137 38.8304 37.9693 38.3302
37.9097 38.3015 38.5678 37.6456 39.1137 38.8304 37.9693 38.3302
37.9097 38.3015 38.5678 37.6456 39.1137 38.8304 37.9693 38.3302
37.9097 38.3015 38.5678 37.6456 39.1137 38.8304 37.9693 38.3302
37.9097 38.3015 38.5678 37.6456 39.1137 38.8304 37.9693 38.3302
37.9097 38.3015 38.5678 37.6456 39.1137 38.8304 37.9693 38.3302
37.9097 38.3015 38.5678 37.6456 39.1137 38.8304 37.9693 38.3302
37.9097 38.3015 38.5678 37.6456 39.1137 38.8304 37.9693 38.3302
37.9097 38.3015 38.5678 37.6456 39.1137 38.8304 37.9693 38.3302
37.9097 38.3015 38.5678 37.6456 39.1137 38.8304 37.9693 38.3302
37.9097 38.3015 38.5678 37.6456 39.1137 38.8304 37.9693 38.3302
37.9097 38.3015 38.5678 37.6456 39.1137 38.8304 37.9693 38.3302
37.9097 38.3015 38.5678 37.6456 39.1137 38.8304 37.9693 38.3302
37.9097 38.3015 38.5678 37.6456 39.1137 38.8304 37.9693 38.3302
37.9097 38.3015 38.5678 37.6456 39.1137 38.8304 37.9693 38.3302
37.9097 38.3015 38.5678 37.6456 39.1137 38.8304 37.9693 38.3302
37.9097 38.3015 38.5678 37.6456 39.1137 38.8304 37.9693 38.3302
37.9097 38.3015 38.5678 37.6456 39.1137 38.8304 37.9693 38.3302
37.9097 38.3015 38.5678 37.6456 39.1137 38.8304 37.9693 38.3302
37.9097 38.3015 38.5678 37.6456 39.1137 38.8304 37.9693 38.3302
37.9097 38.3015 38.5678 37.6456 39.1137 38.8304 37.9693 38.3302
37.9097 38.3015 38.5678 37.6456 39.1137 38.8304 37.9693 38.3302
37.9097 38.3015 38.5678 37.6456 39.1137 38.8304 37.9693 38.3302
37.9097 38.3015 38.5678 37.6456 39.1137 38.8304 37.9693 38.3302
37.9097 38.3015 38.5678 37.6456 39.1137 38.8304 37.9693 38.3302
37.9097 38.3015 38.5678 37.6456 39.1137 38.8304 37.9693 38.3302
37.9097 38.3015 38.5678 37.6456 39.1137 38.8304 37.9693 38.3302
37.9097 38.3015 38.5678 37.6456 39.1137 38.8304 37.9693 38.3302
37.9097 38.3015 38.5678 37.6456 39.1137 38.8304 37.9693 38.3302
37.9097 38.3015 38.5678 37.6456 39.1137 38.8304 37.9693 38.3302
37.9097 38.3015 38.5678 37.6456 39.1137 38.8304 37.9693 38.3302
37.9097 38.3015 38.5678 37.6456 39.1137 38.8304 37.9693 38.3302
37.9097 38.3015 38.5678 37.6456 39.1137 38.8304 37.9693 38.3302
37.9097 38.3015 38.5678 37.6456 39.1137 38.8304 37.9693 38.3302
37.9097 38.3015 38.5678 37.6456 39.1137 38.8304 37.9693 38.3302
37.9097 38.3015 38.5678 37.6456 39.1137 38.8304 37.9693 38.3302
37.9097 38.3015 38.5678 37.6456 39.1137 38.8304 37.9693 38.3302
37.9097 38.3015 38.5678 37.6456 39.1137 38.8304 37.9693 38.3302
37.9097 38.3015 38.5678 37.6456 39.1137 38.8304 37.9693 38.3302
37.9097 38.3015 38.5678 37.6456 39.1137 38.8304 37.9693 38.3302
37.9097 38.3015 38.5678 37.6456 39.1137 38.8304 37.9693 38.3302
37.9097 38.3015 38.5678 37.6456 39.1137 38.8304 37.9693 38.3302
37.9097 38.3015 38.5678 37.6456 39.1137 38.8304 37.9693 38.3302
37.9097 38.3015 38.5678 37.6456 39.1137 38.8304 37.9693 38.3302
37.9097 38.3015 38.5678 37.6456 39.1137 38.8304 37.9693 38.3302
37.9097 38.3015 38.5678 37.6456 39.1137 38.8304 37.9693 38.3302
37.9097 38.3015 38.5678 37.6456 39.1137 38.8304 37.9693 38.3302
37.9097 38.3015 38.5678 37.6456 39.1137 38.8304 37.9693 38.3302
37.9097 38.3015 38.5678 37.6456 39.1137 38.8304 37.9693 38.3302
37.9097 38.3015 38.5678 37.6456 39.1137 38.8304 37.9693 38.3302
37.9097 38.3015 38.5678 37.6456 39.1137 38.8304 37.9693 38.3302
37.9097 38.3015 38.5678 37.6456 39.1137 38.8304 37.9693 38.3302
37.9097 38.3015 38.5678 37.6456 39.1137 38.8304 37.9693 38.3302
37.9097 38.3015 38.5678 37.6456 39.1137 38.8304 37.9693 38.3302
37.9097 38.3015 38.5678 37.6456 39.1137 38.8304 37.9693 38.3302
37.9097 38.3015 38.5678 37.6456 39.1137 38.8304 37.9693 38.3302
37.9097 38.3015 38.5678 37.6456 39.1137 38.8304 37.9693 38.3302
37.9097 38.3015 38.5678 37.6456 39.1137 38.8304 37.9693 38.3302
37.9097 38.3015 38.5678 37.6456 39.1137 38.8304 37.9693 38.3302
37.9097 38.3015 38.5678 37.6456 39.1137 38.8304 37.9693 38.3302
37.9097 38.3015 38.5678 37.6456 39.1137 38.8304 37.9693 38.3302
37.9097 38.3015 38.5678 37.6456 39.1137 38.8304 37.9693 38.3302
37.9097 38.3015 38.5678 37.6456 39.1137 38.8304 37.9693 38.3302
37.9097 38.3015 38.5678 37.6456 39.1137 38.8304 37.9693 38.3302
37.9097 38.3015 38.5678 37.6456 39.1137 38.8304 37.9693 38.3302
37.9097 38.3015 38.5678 37.6456 39.1137 38.8304 37.9693 38.3302
37.9097 38.3015 38.5678 37.6456 39.1137 38.8304 37.9693 38.3302
37.9097 38.3015 38.5678 37.6456 39.1137 38.8304 37.9693 38.3302
37.9097 38.3015 38.5678 37.6456 39.1137 38.8304 37.9693 38.3302
37.9097 38.3015 38.5678 37.6456 39.1137 38.8304 37.9693 38.3302
37.9097 38.3015 38.5678 37.6456 39.1137 38.8304 37.9693 38.3302
37.9097 38.3015 38.5678 37.6456 39.1137 38.8304 37.9693 38.3302
37.9097 38.3015 38.5678 37.6456 39.1137 38.8304 37.9693 38.3302
37.9097 38.3015 38.5678 37.6456 39.1137 38.8304 37.9693 38.3302
37.9097 38.3015 38.5678 37.6456 39.1137 38.8304 37.9693 38.3302
37.9097 38.3015 38.5678 37.6456 39.1137 38.8304 37.9693 38.3302
37.9097 38.3015 38.5678 37.6456 39.1137 38.8304 37.9693 38.3302
37.9097 38.3015 38.5678 37.6456 39.1137 38.8304 37.9693 38.3302
37.9097 38.3015 38.5678 37.6456 39.1137 38.8304 37.9693 38.3302
37.9097 38.3015 38.5678 37.6456 39.1137 38.8304 37.9693 38.3302
37.9097 38.3015 38.5678 37.6456 39.1137 38.8304 37.9693 38.3302
37.9097 38.3015 38.5678 37.6456 39.1137 38.8304 37.9693 38.3302
37.9097 38.3015 38.5678 37.6456 39.1137 38.8304 37.9693 38.3302
37.9097 38.3015 38.5678 37.6456 39.1137 38.8304 37.9693 38.3302
37.9097 38.3015 38.5678 37.6456 39.1137 38.8304 37.9693 38.3302
37.9097 38.3015 38.5678 37.6456 39.1137 38.8304 37.9693 38.3302
37.9097 38.3015 38.5678 37.6456 39.1137 38.8304 37.9693 38.3302
37.9097 38.3015 38.5678 37.6456 39.1137 38.8304 37.9693 38.3302
37.9097 38.3015 38.5678 37.6456 39.1137 38.8304 37.9693 38.3302
37.9097 38.3015 38.5678 37.6456 39.1137 38.8304 37.9693 38.3302
37.9097 38.3015 38.5678 37.6456 39.1137 38.8304 37.9693 38.3302
37.9097 38.3015 38.5678 37.6456 39.1137 38.8304 37.9693 38.3302
37.9097 38.3015 38.5678 37.6456 39.1137 38.8304 37.9693 38.3302
37.9097 38.3015 38.5678 37.6456 39.1137 38.8304 37.9693 38.3302
37.9097 38.3015 38.5678 37.6456 39.1137 38.8304 37.9693 38.3302
37.9097 38.3015 38.5678 37.6456 39.1137 38.8304 37.9693 38.3302
37.9097 38.3015 38.5678 37.6456 39.1137 38.8304 37.9693 38.3302
37.9097 38.3015 38.5678 37.6456 39.1137 38.8304 37.9693 38.3302
37.9097 38.3015 38.5678 37.6456 39.1137 38.8304 37.9693 38.3302
37.9097 38.3015 38.5678 37.6456 39.1137 38.8304 37.9693 38.3302
37.9097 38.3015 38.5678 37.6456 39.1137 38.8304 37.9693 38.3302
37.9097 38.3015 38.5678 37.6456 39.1137 38.8304 37.9693 38.3302
37.9097 38.3015 38.5678 37.6456 39.1137 38.8304 37.9693 38.3302
37.9097 38.3015 38.5678 37.6456 39.1137 38.8304 37.9693 38.3302
37.9097 38.3015 38.5678 37.6456 39.1137 38.8304 37.9693 38.3302
37.9097 38.3015 38.5678 37.6456 39.1137 38.8304 37.9693 38.3302
37.9097 38.3015 38.5678 37.6456 39.1137 38.8304 37.9693 38.3302
37.9097 38.3015 38.5678 37.6456 39.1137 38.8304 37.9693 38.3302
37.9097 38.3015 38.5678 37.6456 39.1137 38.8304 37.9693 38.3302
37.9097 38.3015 38.5678 37.6456 39.1137 38.8304 37.9693 38.3302
37.9097 38.3015 38.5678 37.6456 39.1137 38.8304 37.9693 38.3302
37.9097 38.3015 38.5678 37.6456 39.1137 38.8304 37.9693 38.3302
37.9097 38.3015 38.5678 37.6456 39.1137 38.8304 37.9693 38.3302
37.9097 38.3015 38.5678 37.6456 39.1137 38.8304 37.9693 38.3302
37.9097 38.3015 38.5678 37.6456 39.1137 38.8304 37.9693 38.3302
37.9097 38.3015 38.5678 37.6456 39.1137 38.8304 37.9693 38.3302
37.9097 38.3015 38.5678 37.6456 39.1137 38.8304 37.9693 38.3302
37.9097 38.3015 38.5678 37.6456 39.1137 38.8304 37.9693 38.3302
37.9097 38.3015 38.5678 37.6456 39.1137 38.8304 37.9693 38.3302
37.9097 38.3015 38.5678 37.6456 39.1137 38.8304 37.9693 38.3302
37.9097 38.3015 38.5678 37.6456 39.1137 38.8304 37.9693 38.3302
37.9097 38.3015 38.5678 37.6456 39.1137 38.8304 37.9693 38.3302
37.9097 38.3015 38.5678 37.6456 39.1137 38.8304 37.9693 38.3302
37.9097 38.3015 38.5678 37.6456 39.1137 38.8304 37.9693 38.3302
37.9097 38.3015 38.5678 37.6456 39.1137 38.8304 37.9693 38.3302
37.9097 38.3015 38.5678 37.6456 39.1137 38.8304 37.9693 38.3302
37.9097 38.3015 38.5678 37.6456 39.1137 38.8304 37.9693 38.3302
37.9097 38.3015 38.5678 37.6456 39.1137 38.8304 37.9693 38.3302
37.9097 38.3015 38.5678 37.6456 39.1137 38.8304 37.9693 38.3302
37.9097 38.3015 38.5678 37.6456 39.1137 38.8304 37.9693 38.3302
37.9097 38.3015 38.5678 37.6456 39.1137 38.8304 37.9693 38.3302
37.9097 38.3015 38.5678 37.6456 39.1137 38.8304 37.9693 38.3302
37.9097 38.3015 38.5678 37.6456 39.1137 38.8304 37.9693 38.3302
37.9097 38.3015 38.5678 37.6456 39.1137 38.8304 37.9693 38.3302
37.9097 38.3015 38.5678 37.6456 39.1137 38.8304 37.9693 38.3302
37.9097 38.3015 38.5678 37.6456 39.1137 38.8304 37.9693 38.3302
37.9097 38.3015 38.5678 37.6456 39.1137 38.8304 37.9693 38.3302
37.9097 38.3015 38.5678 37.6456 39.1137 38.8304 37.9693 38.3302
37.9097 38.3015 38.5678 37.6456 39.1137 38.8304 37.9693 38.3302
37.9097 38.3015 38.5678 37.6456 39.1137 38.8304 37.9693 38.3302
37.9097 38.3015 38.5678 37.6456 39.1137 38.8304 37.9693 38.3302
37.9097 38.3015 38.5678 37.6456 39.1137 38.8304 37.9693 38.3302
37.9097 38.3015 38.5678 37.6456 39.1137 38.8304 37.9693 38.3302
37.9097 38.3015 38.5678 37.6456 39.1137 38.8304 37.9693 38.3302
37.9097 38.3015 38.5678 37.6456 39.1137 38.8304 37.9693 38.3302
37.9097 38.3015 38.5678 37.6456 39.1137 38.8304 37.9693 38.3302
37.9097 38.3015 38.5678 37.6456 39.1137 38.8304 37.9693 38.3302
37.9097 38.3015 38.5678 37.6456 39.1137 38.8304 37.9693 38.3302
89.1979 87.5732 88.5901 88.9693 88.8097 89.9924 86.5666 88.4617
88.7655 89.7698 88.2771 90.6352 90.8126 89.7965 91.1562 89.3651
92.8457 90.5055 89.8852 91.1484 93.2885 90.2019 91.1983 92.7611
88.649 89.9262 88.4513 89.3075 88.6217 88.5614 88.8731 89.696
92.2346 90.409 90.9583 88.6735 91.4988 89.741 92.2324 91.6599
90.5154 88.7581 89.0721 87.9076 89.6237 89.0332 87.3614 86.6851
89.9701 90.4333 90.3737 89.9997 91.8906 90.8592 92.3371 92.7089
90.7723 90.028 91.8914 91.5664 92.2042 94.2418 93.2067 93.4758
90.058 90.1964 90.4047 92.5305 91.9373 94.9677 91.7461 92.1413
87.9832 84.5424 86.3347 87.2705 84.4654 84.1313 82.4548 83.3255
91.4107 90.68 91.8951 90.4576 89.9233 92.1636 91.3821 90.2734
89.6787 89.0488 88.7187 88.7552 87.825 87.6888 89.297 85.846
87.3257 90.0422 87.1826 90.0507 87.9762 88.3954 87.3457 88.5706
89.4874 89.7857 87.9467 88.9945 89.3011 88.8071 90.2294 89.0578
86.1191 89.3689 90.7212 88.2629 87.8454 89.5092 87.7547 88.9942
88.1515 87.6846 89.3019 89.9272 87.1151 87.9982 88.8182 87.7873
91.3338 89.3504 87.7384 87.6464 88.9668 89.0531 88.0253 88.2672
87.9239 88.1961 85.4875 88.4142 85.7664 86.5934 85.3169 85.3729
87.3309 90.1931 89.4235 89.4231 92.1198 91.3365 91.6014 91.0099
90.4382 91.1297 92.0318 93.4965 89.7084 92.4329 93.1985 94.9747
90.1086 89.9086 88.1419 88.8159 89.3844 87.6387 88.6092 88.1856
89.0232 89.3529 89.8779 87.9092 89.8626 89.3254 89.2457 89.7779
90.3415 88.9267 88.6477 88.5467 88.7586 88.0858 89.5676 89.9201
90.3203 89.5212 91.1634 90.32 91.9666 91.3092 89.5766 90.8502
89.7108 88.3654 87.8883 88.3243 90.8554 90.1814 90.554 90.5381
87.6381 89.7983 87.5643 88.0725 86.9992 86.3316 88.1175 87.068
86.9054 90.0491 91.5806 88.2818 92.1253 89.4236 91.1342 90.3256
92.2964 91.5779 90.3104 88.9378 90.2838 89.7355 90.097 90.0803
86.8482 86.4533 87.0117 86.9842 87.1604 86.1541 86.0813 84.6479
88.7736 88.5033 88.779 87.1124 88.1241 85.1931 85.7104 85.9038
89.7288 89.7675 90.8108 87.0895 88.1391 89.4764 88.9667 89.3656
87.6392 88.8126 87.6924 88.8918 89.4384 88.2694 88.681 87.7253
89.1955 88.8382 88.6437 90.4729 90.8721 90.2882 89.3422 90.1835
88.347 87.8931 89.2766 89.5694 89.3354 89.4167 89.1402 89.2817
92.9718 89.818 90.0583 90.3855 90.7929 91.6486 91.8613 90.991
86.8801 87.9607 89.9479 87.4943 85.4188 87.3897 86.6118 87.0244
89.9572 89.1068 90.0706 89.3861 91.5567 90.957 88.7495 88.965
86.3975 86.9404 88.155 85.9624 86.8436 87.2394 86.0178 86.3006
89.1 89.1087 88.7535 89.9808 88.906 88.6823 89.629 90.6326
91.0016 89.8437 91.3514 91.8784 91.2706 91.0022 90.9075 93.2108
88.4025 90.5473 87.6764 88.8727 88.4058 89.8082 91.1434 89.1664
88.4155 90.1793 87.7185 91.5507 89.5119 91.191 88.9125 87.0123
86.654 88.8424 89.0394 89.947 89.4238 86.6462 86.3591 85.0539
89.365 91.3896 92.0276 92.2691 90.5191 94.1198 94.2496 94.5848
87.5118 86.1429 85.6629 87.6793 86.819 84.8971 86.5996 85.2231
87.1988 86.778 85.6309 86.7217 87.1155 87.5218 86.9183 84.929
84.2218 89.5113 87.6394 90.0503 90.0621 87.7701 87.6947 87.3778
88.4944 90.6086 90.3666 92.5625 89.7427 90.1323 90.4344 90.0147
89.4373 88.2524 91.4496 91.3491 90.6871 90.424 91.4018 91.5279
86.6235 87.2644 88.574 87.1263 88.1764 87.2565 88.7754 88.3178
88.0497 88.5185 87.3361 87.6882 87.9062 89.587 89.097 89.6245
90.982 90.9566 90.8725 88.3166 90.692 89.6487 93.7968 91.8507
89.1312 91.4266 88.2915 88.0325 88.4273 90.8772 88.5552 89.2717
89.5312 90.1821 91.4357 90.192 90.5607 92.5506 91.9538 92.5939
88.5911 89.973 88.4755 90.1653 89.0184 89.3684 89.2672 89.6415
88.5791 90.884 88.1971 89.7013 85.5825 87.1638 89.0703 87.4104
87.2798 88.1802 86.2769 86.4586 86.9288 85.5365 87.8526 86.6053
82.6269 85.9278 87.4353 85.7462 85.0226 84.1617 82.3026 83.122
90.6789 86.1703 86.094 87.118 83.7972 85.3044 84.3586 84.2173
83.8695 85.6081 83.0508 82.4452 81.9772 83.1658 82.0682 82.3509
86.9234 88.2022 89.7154 87.0576 86.3748 88.6462 87.2759 87.3471
91.5572 90.2859 93.4873 93.1761 94.4877 93.6983 93.5625 95.3739
85.8529 89.1172 87.5798 87.3907 87.9035 85.9488 87.0131 87.1291
95.5199 88.9207 87.8759 92.0314 90.4019 90.9093 89.6427 89.4271
91.4587 91.4303 92.2727 92.1047 91.7397 91.1559 91.821 91.5749
86.9317 88.0916 88.9748 88.3752 87.1013 87.6686 86.5392 86.8177
87.6827 89.0283 88.5385 89.3719 87.117 88.608 86.917 87.698
92.6624 89.6304 90.2918 91.3134 90.2005 91.4881 92.6108 92.9393
88.1197 89.2873 89.4639 88.9506 88.3762 90.8167 87.3799 87.6812
88.7145 88.9053 89.4348 87.7474 88.4149 88.5788 89.4835 88.8233
88.3895 89.2617 89.7387 88.2431 89.3371 87.5848 86.4464 87.9092
87.6493 88.0671 88.4316 89.2776 87.9687 86.6787 87.2536 87.3505
89.5262 87.679 89.5262 89.9926 87.4372 89.5181 88.725 88.1275
87.7686 88.8585 86.8362 90.1795 88.3409 87.6508 89.4278 89.8575
88.1163 88.9527 86.9253 85.3488 88.306 85.638 85.3186 85.0745
94.0899 91.2331 90.9518 91.5114 92.088 94.0931 92.5447 93.3159
88.7721 88.3874 87.8668 88.3449 86.9231 86.9416 87.1092 88.3467
85.7406 87.5291 86.2387 86.9142 86.1337 85.9139 85.1331 85.7501
92.1518 89.9672 88.6095 90.7976 90.3179 90.0985 91.3754 92.0324
88.4913 85.4101 88.8054 85.8591 85.8392 86.9248 87.0912 86.6785
89.9396 90.1639 91.1362 87.3671 89.2056 90.0075 89.1887 91.1846
89.8253 88.2359 90.0057 88.4973 88.4012 88.5697 87.1996 88.1782
88.6677 91.0129 89.6157 89.1895 89.7429 88.5366 90.4214 90.9421
88.0238 89.0424 88.2525 87.8709 87.3248 88.1551 87.8458 86.9185
87.9512 89.8332 87.2718 87.413 87.3524 86.9556 86.9953 86.8531
91.4968 90.1616 90.2559 90.3401 91.1875 92.422 90.7206 91.8886
87.7021 90.1471 88.8498 87.605 89.8774 88.8688 89.1432 88.9085
86.064 89.46 91.3489 90.5997 91.8339 90.5653 91.9273 92.5069
90.1154 88.9142 89.3444 88.7577 89.3538 92.3123 88.8085 90.6471
89.9059 89.0604 88.8296 91.4095 90.4854 91.9788 89.869 90.3044
91.2873 90.6323 91.4611 88.3376 90.3289 91.3938 91.917 91.092
83.9163 89.8076 87.7704 87.025 87.9323 87.6195 86.7159 87.1061
86.8029 88.7245 88.5401 87.2282 86.0214 87.1853 85.0825 86.0067
88.3107 88.0972 88.3267 88.086 89.2778 88.4606 87.6639 88.5816
85.7566 88.0315 88.389 86.6329 85.0808 85.777 85.5887 84.2466
84.3001 89.1762 85.9704 86.5066 87.3055 84.2859 86.8475 88.6323
90.9204 89.763 91.2227 88.9387 92.5304 94.0251 92.2571 92.2395
89.1074 91.9369 87.8881 91.4607 91.3246 90.8589 93.5461 92.8181
88.2863 90.472 91.3818 90.7811 92.087 93.1926 94.3035 92.9661
87.7543 86.3218 89.1549 87.9986 85.3936 87.5584 85.4635 85.8421
92.5433 89.3801 90.2062 90.3891 89.4937 90.7463 91.9529 91.928
89.3834 88.5452 89.3401 90.9493 87.5427 89.277 90.0204 89.956
87.2635 86.8242 88.6538 87.582 87.8742 87.9411 86.8699 85.8713
88.5375 89.2975 88.3831 90.2569 91.0084 87.8847 89.4203 90.4934
86.352 89.9393 86.1738 87.3582 89.5742 90.2896 88.9396 89.8622
87.2169 87.249 88.056 85.9458 87.8972 86.4536 85.461 85.8849
89.5429 88.7678 90.2372 89.469 88.3993 88.9194 90.1056 88.9528
89.3239 89.9794 89.4827 89.8259 88.4128 89.2849 87.528 89.7014
86.0661 90.4192 86.991 90.0052 89.603 90.7285 89.5101 89.1716
90.4146 87.597 87.7231 87.5947 89.8858 88.1098 88.6294 88.7098
88.6252 89.2953 90.1367 87.7384 90.414 88.9573 89.9742 90.7836
90.6365 91.7028 91.0912 92.0203 92.7657 93.321 93.1834 93.6765
88.3913 87.6087 87.6585 88.8053 87.2211 86.3716 86.0451 86.7031
89.2279 89.911 89.3301 90.038 90.3831 90.4162 90.2603 89.9068
90.491 88.8807 87.9807 88.18 88.6289 88.9348 88.814 87.8465
91.6153 89.7092 91.883 88.308 90.8508 88.8886 90.1506 90.1772
86.0387 89.4884 87.5245 89.6523 88.5402 90.2675 91.2492 91.1294
89.603 90.531 87.8893 88.8357 89.6589 88.8347 90.0112 89.0637
89.6187 89.9053 90.6083 91.1359 89.3999 90.7042 89.7174 91.4603
88.307 88.2019 86.9529 87.6191 87.3586 87.991 86.5249 85.8171
88.7109 88.7509 90.0014 91.1092 91.7931 90.8523 90.5751 91.0707
91.316 90.7404 89.9276 88.3608 90.0434 91.0969 90.9438 91.0622
84.6134 88.8116 87.6587 84.4429 86.5735 86.6283 84.9517 86.2335
90.7668 89.3077 89.1726 88.986 89.4121 89.8385 88.709 89.6704
86.2487 89.9933 89.2426 89.1863 89.2906 89.8329 89.081 88.3257
85.5082 87.426 87.0313 87.5029 85.9504 86.1361 85.3833 85.703
86.4412 90.3028 90.5364 92.9921 90.4143 90.6396 91.3876 91.6792
90.5746 90.9597 88.0787 88.9703 89.3108 88.848 88.1767 88.7663
87.7463 87.802 88.3637 86.5094 88.3985 89.0743 88.0209 87.4765
87.2079 89.0969 89.3619 88.7513 89.8558 88.7758 90.2991 90.3425
90.6434 88.1546 88.4095 88.329 90.9047 89.1367 89.8537 89.619
88.9411 89.7292 89.4751 92.0472 90.6929 91.0425 90.7737 90.9978
88.0439 86.7738 86.9717 85.0333 85.0184 85.0092 83.8736 84.7232
90.0412 86.9244 86.5712 86.4233 83.9784 86.7942 84.3786 85.5592
87.4399 87.9527 87.2843 86.7502 86.4878 86.7554 87.1097 86.3629
90.0466 88.8928 89.9751 90.0835 90.3581 91.945 90.3005 89.4059
87.5499 89.1072 89.8636 91.2239 88.5439 89.6541 89.9154 89.0816
84.0547 89.2821 89.4693 87.7493 86.0302 86.404 88.2023 88.2485
90.2954 88.2198 88.8649 89.8842 90.3959 90.8032 90.4957 89.8312
91.5359 92.4479 92.8379 94.3583 94.3587 94.394 94.7236 94.8848
86.1656 87.6614 87.3203 88.4244 87.0042 84.6624 83.3639 84.2265
91.0209 91.6328 90.2645 90.9744 91.483 91.2603 91.6199 92.0934
87.5964 90.4448 88.2004 86.841 88.9842 87.6478 88.945 90.2961
86.156 89.7851 87.0864 89.2708 88.9768 88.0912 89.547 88.9477
90.3863 90.2494 89.2183 88.8481 90.8235 90.9158 89.731 89.1609
87.692 90.6864 87.4176 90.3997 89.9666 88.8646 89.794 89.0192
87.8283 87.8362 86.4299 87.2964 85.6004 86.3431 84.9992 85.0701
89.9282 88.2493 89.5642 90.4251 88.5445 88.7462 89.0852 89.4204
87.6975 89.566 89.8813 88.2758 89.1871 88.8666 89.0096 87.8167
85.6058 87.8534 88.8487 86.7955 86.5215 86.8235 86.5036 87.2215
90.9458 88.8381 90.5643 90.1504 90.4072 90.6755 90.8393 90.8726
87.9225 88.4892 87.882 87.9824 88.1498 88.2483 86.2049 84.6538
89.6828 89.3915 88.6328 86.7554 88.3217 89.33 88.4444 88.2686
87.6338 88.9542 84.6106 85.8244 86.0001 84.9123 84.7066 83.8695
89.0213 88.7402 87.0193 87.1188 87.7171 88.3243 86.4448 87.1366
89.4704 88.6373 88.973 88.5796 90.4006 90.4362 88.229 89.8
90.5719 91.6009 90.1285 91.6826 90.4415 91.981 92.2471 91.9149
86.2361 89.7816 91.3518 92.2834 89.9669 91.3639 93.0379 92.3603
92.5211 90.9356 90.1614 89.7989 91.8279 91.226 91.5198 92.6939
90.8335 90.0924 91.1351 94.0822 93.3514 94.5453 94.873 95.9712
87.6185 89.7237 88.41 89.212 87.7302 90.1612 88.7202 89.4908
88.8493 89.9506 89.495 90.5914 90.6225 89.2278 90.36 90.4764
88.0235 87.5968 88.4607 88.4973 87.809 87.7516 88.1816 86.5948
88.6926 89.5712 87.9962 90.0879 89.7287 91.0501 90.344 91.6917
91.1426 88.9805 90.6737 91.3231 90.8459 93.1208 91.1014 91.3938
83.2495 88.6113 87.7307 85.8745 85.8306 85.9671 86.2372 86.1802
86.6856 86.7048 86.5315 86.9869 85.5217 86.264 86.3519 85.7182
89.1882 88.2434 88.5953 88.3832 88.3778 88.7841 88.7598 88.0042
87.8248 89.005 87.521 90.7738 88.0317 89.5214 88.8792 88.7648
93.522 90.1308 91.464 92.4941 93.1684 90.517 94.0778 92.4362
88.8285 92.7998 90.7331 92.1344 93.1718 93.868 92.4866 93.9274
88.7345 85.7868 88.6154 87.1108 86.711 84.4749 86.6167 85.1047
85.2703 87.0508 85.3388 84.0322 82.6446 84.2529 81.6571 80.828
91.6145 87.9647 88.364 88.9248 88.1734 87.0292 88.165 87.6391
89.3899 87.9122 87.1998 88.2624 89.0232 88.3793 89.1383 88.3892
90.163 90.5853 91.2304 92.1033 90.5885 90.8688 92.2946 92.2022
90.0608 91.8563 91.453 92.3821 93.1273 93.0699 94.1943 94.6594
88.2426 89.2502 87.1886 89.4156 88.3684 86.6175 86.5687 87.6474
90.5439 87.3108 85.65 88.7293 87.5931 88.8055 89.2945 87.1759
90.3862 89.509 89.8769 90.0157 89.5784 87.7709 87.9108 87.7216
87.2467 90.269 87.5278 87.3379 87.2612 84.6973 86.7813 86.9965
88.2889 90.3079 88.7815 88.9678 88.6411 87.0984 88.0516 88.4675
90.0431 88.8083 87.2381 87.1786 87.93 86.7825 86.6474 86.6612
87.681 90.8018 84.8732 88.8502 89.541 88.3808 88.384 87.8264
90.6378 89.9616 90.7124 91.5805 91.0806 92.459 92.1696 93.8751
91.3384 92.8112 92.4126 91.9415 90.4247 92.6936 91.689 93.068
88.0302 88.1209 88.4515 88.9541 89.8541 89.3274 89.6507 90.382
90.6069 89.7847 90.3162 91.4824 89.1905 90.7449 89.6133 88.9089
88.3733 89.3451 87.8197 88.3017 87.1572 87.7143 86.5364 87.7012
92.5802 90.3913 89.8556 88.857 90.1297 89.4779 90.2067 90.3259
88.9825 89.1547 89.4017 88.622 89.0806 90.1345 89.0153 91.0721
90.0924 90.2026 89.2488 87.8189 88.3344 90.3452 90.0294 90.3571
88.5959 90.6463 88.7531 90.9221 89.4665 88.2954 86.6253 87.8947
84.9535 88.1053 84.7659 86.8514 85.3047 86.1284 84.1646 85.0149
86.1854 88.291 88.5505 87.1913 88.8217 88.7021 90.1102 88.4545
89.9789 89.5842 90.5993 88.8931 87.1845 88.1722 87.6066 88.5089
91.9063 89.1909 91.2752 91.6161 91.2639 92.1486 90.8579 93.7355
87.1151 88.2578 89.0745 86.1233 88.1345 88.4601 88.5959 88.1078
92.6983 90.1078 90.8365 90.5766 91.0974 92.1247 92.7739 91.9818
92.4639 90.6246 88.7914 89.653 89.262 90.2742 89.9968 91.3019
150.113 149.473 150.657 151.828 152.19 153.475 153.809 154.809
145.85 147.845 144.42 146.805 144.681 145.286 143.269 144.259
145.137 146.204 146.294 147.126 145.105 145.196 144.21 143.983
148.787 146.846 149.474 145.193 146.936 149.409 147.59 148.665
147.098 146.595 147.621 147.415 148.433 145.636 146.9 147.403
149.934 148.308 149.071 148.952 148.585 148.79 148.853 147.956
151.174 149.545 148.515 150.196 148.982 149.619 150.779 149.986
147.992 149.459 147.062 148.221 147.998 145.451 147.321 148.038
150.271 148.594 148.327 150.685 148.052 148.382 148.001 148.001
148.565 149.529 148.912 148.214 148.914 148.494 149.668 150.139
149.009 149.064 147.656 148.039 148.323 147.806 146.59 148.025
147.41 147.046 146.543 145.168 147.098 144.774 146.745 146.298
146.367 146.609 146.367 144.921 144.272 144.884 145.166 143.954
150.079 149.722 148.433 149.722 149.847 149.685 149.155 149.158
147.828 149.239 147.717 147.805 148.078 148.571 146.064 146.592
146.309 147.505 147.231 146.733 147.656 147.315 147.291 147.672
151.84 149.654 150.629 150.403 149.304 148.446 150.845 149.644
145.526 147.121 145.984 147.856 148.502 146.19 145.64 146.393
144.103 147.617 147.269 149.319 148.913 148.727 150.087 148.987
149.15 150.182 148.249 148.184 148.349 148.689 148.912 149.316
146.837 147.936 148.501 145.957 146.143 146.086 146.009 145.488
150.599 149.956 150.697 150.17 149.799 150.417 149.39 151.203
145.496 146.292 143.91 145.718 143.117 141.465 141.74 140.847
148.337 149.475 146.492 146.988 146.783 149.104 145.308 146.677
144.441 146.527 146.831 146.398 145.173 147.234 146.725 145.308
144.994 146.723 147.421 147.356 146.491 147.478 145.631 145.814
147.851 145.921 145.137 145.084 145.911 144.038 143.466 143.145
145.277 147.272 148.112 145.903 146.237 147.599 145.773 145.561
149.3 148.37 149.844 147.332 149.758 148.76 149.72 150.224
147.216 148.79 147.269 146.538 145.941 146.248 145.736 146.887
148.447 145.385 146.019 147.92 149.634 148.851 147.891 147.428
150.566 146.045 147.937 146.179 145.207 147.04 146.155 146.222
149.156 148.071 147.287 147.555 149.586 150.152 148.724 148.671
149.397 149.886 149.949 150.786 151.791 152.326 150.784 151.739
148.057 148.323 147.505 149.224 146.247 147.72 145.429 145.87
149.947 149.427 149.835 150.23 151.155 150.208 151.776 151.004
147.289 147.28 146.266 146.337 144.997 146.681 145.119 145.23
149.543 149.951 150.689 149.765 149.2 150.696 150.215 150.35
144.892 146.293 147.155 148.304 147.446 146.349 145.82 145.055
149.018 146.809 146.85 149.474 148.514 147.545 147.23 146.394
150.019 147.925 149.154 149.677 147.988 148.994 149.969 149.147
146.216 146.772 147.625 146.423 146.409 144.807 145.544 145.233
147.407 149.024 148.318 148.463 148.052 149.534 149.425 148.04
150.986 151.333 152.27 151.695 152.746 152.392 154.476 152.857
144.62 147.299 146.5 148.282 146.236 146.989 145.723 145.647
145.535 149.593 149.13 149.429 148.508 149.509 149.83 150.962
146.071 146.799 147.837 148.631 146.634 149.573 146.818 147.287
146.927 147.171 148.223 145.272 146 147.511 146.915 146.986
149.823 147.725 148.422 146.678 147.743 148.656 148.58 148.416
146.381 148.112 145.904 146.413 147.121 145.357 145.713 145.4
146.42 148.312 146.659 147.763 145.092 146.582 148.314 145.742
146.395 147.016 146.223 143.399 142.862 144.726 142.762 140.815
146.105 146.86 145.46 146.078 144.492 145.334 143.301 143.083
145.816 146.293 147.264 147.829 146.238 146.589 146.132 147.46
146.725 148.345 147.932 146.582 149.626 145.167 146.732 146.406
144.691 146.407 148.172 145.341 145.615 145.38 145.252 144.592
151.385 148.067 149.942 149.735 148.907 151.569 149.654 150.108
148.338 147.119 147.345 145.681 147.124 147.513 147.439 147.963
146.057 148.343 145.819 145.93 144.887 144.098 145.585 144.627
146.922 146.285 147.675 149.977 146.823 146.41 147.958 147.479
147.664 145.989 148.509 147.751 147.536 148.017 147.833 148.348
148.445 148.522 146.922 146.411 145.526 146.304 144.462 144.436
144.68 145.292 147.924 146.383 145.057 145.404 145.133 144.54
146.49 146.97 145.877 144.3 147.807 144.855 144.619 145.533
153.842 151.696 149.732 152.204 152.064 152.011 150.817 151.069
144.04 147.444 149.393 147.937 145.425 146.243 146.703 144.111
147.292 146.674 146.293 146.514 146.444 146.053 144.69 146.082
147.014 149.068 149.31 146.139 149.067 148.955 148.484 149.606
148.241 149.345 149.364 150.924 148.625 147.409 148.964 149.891
148.736 147.026 150.247 148.812 150.219 150.019 149.884 150.651
150.036 149.585 149.674 149.174 150.07 149.131 149.552 149.285
146.712 146.463 147.989 148.169 149.86 149.523 149.136 148.338
146.169 148.769 148.913 150.875 147.342 149.991 148.804 147.054
146.841 147.421 148.117 149.305 148.901 149.572 150.211 149.708
142.685 146.635 144.214 144.449 143.861 143.511 144.497 145.651
150.858 149.77 148.795 148.62 149.124 148.334 149.559 148.86
148.868 150.274 149.305 151.379 153.079 153.601 153.701 153.434
148.007 147.92 148.133 148.966 147.746 146.878 148.402 148.84
149.493 148.14 148.983 148.369 150.704 150.788 151.132 150.621
148.526 147.432 148.868 148.484 149.305 149.385 148.856 150.162
149.448 150.587 150.865 149.399 150.498 149.343 150.874 150.384
145.716 148.498 146.727 147.746 146.034 145.872 146.881 146.49
147.626 146.675 146.839 149.173 147.481 147.799 148.545 148.554
146.098 149.296 147.674 148.889 148.714 147.377 146.09 143.897
148.226 150.258 150.563 149.661 149.033 152.064 151.515 151.4
148.432 146.567 147.359 148.119 147.275 146.7 146.81 147.342
148.621 148.208 147.1 149.642 149.071 147.776 148.414 148.805
145.094 147.196 145.628 145.691 146.445 147.3 147.724 148.034
144.624 146.904 145.328 145.909 145.243 144.828 143.543 143.389
149.569 149.562 147.864 149.8 150.761 149.131 150.158 150.782
148.835 146.385 148.309 146.752 147.296 146.473 147.458 146.158
147.598 146.514 147.974 147.245 145.225 146.29 145.169 145.521
149.716 149.441 151.294 149.153 151.953 150.711 153.616 153.878
144.099 148.154 146.871 146.39 148.004 147.4 146.829 147.026
148.451 147.392 149.748 148.251 149.997 148.042 149.531 149.14
148.668 146.466 149.052 150.824 149.823 149.049 150.013 149.432
150.124 150.335 148.145 149.814 150.593 151.781 149.786 150.287
149.586 150.966 149.731 150.427 151.165 150.359 150.811 152.466
145.633 145.885 147.899 146.243 146.803 146.759 146.954 148.307
150.865 151.049 150.526 151.94 151.756 152.119 152.52 153.985
146.893 147.863 148.317 149.223 146.993 144.832 145.183 145.89
150.024 150.45 149.678 150.228 152.958 151.73 152.233 152.544
147.107 147.574 147.359 146.97 148.87 149.761 147.672 146.153
144.529 146.253 146.71 146.936 144.76 143.337 143.29 143.985
145.226 146.762 147.642 148.068 145.252 148.065 147.752 146.768
153.082 149.873 151.132 148.198 147.501 146.994 149.72 149.722
150.016 150.692 151.22 151.818 151.55 151.544 152.368 152.361
144.729 148.081 147.143 147.65 144.818 145.388 144.346 145.933
152.977 149.671 148.872 151.873 153.516 152.393 154.284 152.446
149.477 148.492 149.095 148.545 149.163 150.798 150.384 150.88
149.527 149.589 148.8 150.884 149.958 152.522 152.261 151.899
142.475 145.858 145.011 146.546 143.744 144.949 144.802 145.487
151.474 148.193 149.722 150.021 151.537 149.659 152.194 151.613
145.859 146.543 146.627 146.582 147.484 146.695 145.842 146.626
144.917 146.87 147.855 148.153 148.435 147.754 148.385 148.288
146.304 146.917 145.208 149.397 148.814 146.699 147.311 148.014
148.888 145.808 148.493 148.075 149.073 147.584 150.527 150.079
148.474 148.947 151.805 152.341 150.735 151.083 151.01 152.115
151.265 147.347 147.817 147.445 147.069 148.693 149.367 150.02
148.843 148.073 145.963 148.868 148.663 148.093 149.651 147.239
150.65 146.788 146.968 148.273 148.522 147.386 148.699 148.465
144.102 147.152 146.759 147.067 147.344 146.379 145.767 145.421
145.952 145.807 148.507 147.108 146.642 147.997 147.795 146.015
148.472 146.378 146.42 147.002 145.723 146.506 145.707 144.759
148.682 150.46 149.398 150.902 149.819 151.093 150.545 151.505
149.936 148.903 148.422 149.115 150.27 148.89 149.679 150.292
147.826 146.412 147.901 146.981 146.064 147.76 145.398 144.79
148.259 148.423 147.881 149.248 149.145 149.192 149.521 148.49
150.412 149.326 150.884 150.097 149.808 150.759 150.482 150.472
147.964 147.126 148.495 149.419 147.357 148.68 147.112 148.949
146.894 150.142 149.287 149.713 148.602 148.071 148.706 149.295
146.679 147.052 146.553 146.054 146.356 145.891 145.463 146.198
148.588 147.87 148.562 150.032 147.608 147.991 149.132 149.011
148.635 145.122 146.961 145.116 144.177 143.808 142.678 141.411
150.562 148.913 151.702 150.837 149.338 150.905 152.969 152.078
146.337 149.143 147.103 146.661 147.428 146.525 146.238 146.349
147.226 148.255 147.077 145.135 145.289 142.866 143.812 144.31
148.379 147.683 145.552 148.691 148.448 148.387 148.211 146.997
146.559 146.051 147.428 147.164 145.843 144.54 144.205 144.989
149.951 147.717 149.389 146.001 149.989 147.758 148.322 150.506
149.552 148.53 151.601 150.691 150.537 151.173 151.801 153.7
144.047 145.686 144.567 146.754 143.257 144.513 144.982 144.556
147.671 146.958 146.996 148.389 148.318 148.023 147.444 147.887
151.655 148.633 148.264 148.603 149.12 148.478 149.492 149.716
145.05 145.868 146.582 147.578 147.798 148.972 148.55 146.201
148.955 148.036 147.79 148.577 148.591 148.075 148.742 147.588
147.961 145.783 145.717 147.012 148.184 146.868 145.968 146.612
148.812 147.477 146.776 148.429 146.726 147.782 147.263 148.374
149.803 149.636 147.359 148.539 149.366 149.331 148.712 148.871
145.842 146.127 144.674 144.3 144.691 145.428 144.192 144.545
146.422 146.649 145.04 144.777 145.488 142.824 143.301 143.642
148.456 144.817 146.928 147.55 147.348 147.899 145.372 145.423
149.752 151.213 148.831 151.244 152.027 151.697 151.338 151.065
145.308 146.763 147.711 145.859 148.713 146.091 145.638 144.983
143.834 145.916 144.56 146.72 145.341 144.709 144.157 143.952
147.899 147.013 150.635 147.57 150.219 152.927 149.913 151.441
148.483 146.938 147.183 149.827 147.062 148.096 147.051 147.028
148.319 145.301 145.409 147.86 146.097 147.461 147.7 148.378
147.117 147.08 145.965 148.769 145.666 146.085 145.961 145.57
147.765 150.348 149.711 149.951 148.49 150.433 151.178 151.866
146.473 147.651 147.58 147.04 147.166 147.631 147.265 146.622
148.703 148.052 147.426 150.694 150.49 148.609 149.624 149.389
148.549 146.56 147.062 149.069 146.955 149.075 147.798 146.075
148.096 148.641 150.38 150.453 151.68 152.182 152.229 152.275
147.794 146.414 147.367 148.285 148.746 145.533 147.721 146.487
146.438 148.277 149.385 148.675 145.745 148.107 147.785 147.378
147.447 147.52 148.725 147.652 148.457 147.526 146.893 147.621
148.601 147.71 147.704 148.716 147.051 147.686 149.305 147.775
150.254 149.028 147.793 148.486 148.241 150.441 148.286 147.982
151.111 148.916 149.981 148.68 151.249 150.119 151.572 152.154
149.041 145.537 146.153 148.636 146.415 147.957 148.511 148.541
144.835 146.099 145.98 145.894 145.743 145.348 144.916 145.939
146.733 147.24 149.617 146.513 148.386 147.056 146.821 146.534
148.685 146.412 147.391 146.362 146.038 144.18 143.855 143.559
147.564 149.136 147.135 148.725 149.815 148.576 148.039 147.77
150.137 148.246 149.476 149.836 146.469 147.679 149.369 149.171
145.642 148.764 146.65 146.559 149.935 149.044 148.442 149.724
147.096 147.866 145.71 147.715 146.297 147.445 146.978 145.583
148.332 149.202 146.532 151.117 149.601 149.062 147.246 146.018
145.552 146.17 146.438 144.889 143.968 141.791 142.007 141.963
143.417 147.361 146.599 147.695 145.509 146.315 145.542 146.124
147.676 148.779 146.259 145.471 147.128 148.052 147.658 148.875
147.538 149.85 150.801 149.462 148.911 149.009 150.435 150.019
148.819 146.105 147.679 147.101 146.289 147.295 145.759 146.359
146.499 148.29 149.617 147.664 148.616 147.413 147.932 147.406
150.131 150.788 150.151 151.713 150.474 151.327 152.054 153.545
149.023 150.123 151.138 150.804 151.227 150.669 151.765 151.324
151.842 149.305 148.62 149.871 150.19 150.746 150.188 149.473
152.255 147.999 147.88 146.889 148.605 151.241 150.358 150.363
147.262 148.489 147.247 150.667 151.055 150.061 150.423 150.698
147.52 145.803 146.083 146.502 145.372 147.503 147.033 145.965
146.239 147.42 146.478 145.654 146.616 143.918 143.287 142.842
144.763 149.942 148.122 147.463 149.494 149.086 149.089 149.087
151.183 149.37 149.64 148.478 149.468 151.419 150.116 150.483
151.587 149.216 150.175 150.873 151.484 151.937 151.203 150.783
148.272 147.553 146.844 148.183 147.528 146.943 149.672 148.063
148.922 148.516 147.449 147.386 145.805 146.205 146.264 145.648
147.073 147.101 148.347 148.732 148.931 148.828 148.771 150.551
148.501 148.173 146.538 149.355 146.904 149.33 148.695 147.917
149.45 149.06 148.122 146.513 146.947 149.283 147.996 149.884